mythshuff1
0.441747572815534
0.7824427480916031
0.9527272727272728
0.9450171821305842
0.9864406779661017
1.0
1.0

mythshuff2
0.8545454545454545
1.0
0.9820627802690582
0.7797202797202797
0.9862068965517241
1.0
0.9830508474576272

mythshuff3
0.42105263157894735
0.43352601156069365
0.9057591623036649
0.880184331797235
1.0
0.8097014925373134
0.9084745762711864

mythshuff4
0.6976744186046512
0.46236559139784944
0.7848101265822784
0.9442231075697212
0.9881889763779528
0.9477611940298507
0.9084745762711864

mythshuff5
0.7610619469026548
1.0
0.9868995633187773
0.9385245901639344
1.0
0.8271186440677966
1.0